1 2
1 3
1 41
1 47
1 48
1 49
1 51
1 52
1 54
1 57
1 58
1 61
1 83
1 84
1 85
1 86
1 87
1 89
1 94
1 96
1 106
1 110
1 115
1 117
1 118
1 119
1 126
1 137
1 138
1 142
1 144
1 145
1 146
1 186
1 198
1 224
1 225
1 236
1 244
1 246
1 250
1 254
1 257
1 260
1 277
1 278
2 48
2 49
2 52
2 54
2 57
2 58
2 83
2 86
2 89
2 94
2 96
2 110
2 119
2 138
2 142
2 144
2 145
2 146
2 186
2 224
2 225
2 244
2 246
2 277
3 54
5 54
5 138
5 257
9 205
9 206
9 209
9 211
9 243
41 54
41 58
41 83
41 86
41 94
41 119
41 144
41 225
41 246
47 48
47 52
47 54
47 58
47 83
47 86
47 89
47 94
47 96
47 119
47 144
47 145
47 225
47 244
47 246
48 52
48 54
48 57
48 58
48 83
48 84
48 86
48 87
48 88
48 89
48 94
48 96
48 110
48 115
48 119
48 126
48 138
48 144
48 145
48 146
48 225
48 244
48 246
48 277
49 52
49 54
49 57
49 58
49 75
49 83
49 86
49 87
49 89
49 94
49 96
49 119
49 144
49 145
49 186
49 224
49 225
49 244
49 246
50 54
51 54
52 54
52 57
52 58
52 61
52 83
52 84
52 86
52 87
52 88
52 89
52 93
52 94
52 96
52 102
52 105
52 110
52 115
52 118
52 119
52 126
52 142
52 144
52 145
52 146
52 198
52 224
52 225
52 244
52 246
52 250
52 254
52 260
52 277
52 278
53 89
53 94
53 96
54 57
54 58
54 59
54 61
54 62
54 71
54 83
54 84
54 85
54 86
54 87
54 88
54 89
54 91
54 93
54 94
54 96
54 102
54 105
54 106
54 110
54 115
54 116
54 117
54 118
54 119
54 121
54 123
54 126
54 133
54 137
54 138
54 140
54 142
54 144
54 145
54 146
54 150
54 186
54 198
54 224
54 225
54 231
54 236
54 244
54 246
54 250
54 254
54 257
54 258
54 260
54 277
54 278
57 58
57 83
57 86
57 89
57 94
57 96
57 119
57 126
57 138
57 142
57 144
57 145
57 225
57 244
57 246
57 260
57 277
58 61
58 83
58 84
58 86
58 87
58 89
58 94
58 96
58 105
58 106
58 110
58 115
58 118
58 119
58 126
58 138
58 142
58 144
58 145
58 146
58 186
58 198
58 224
58 225
58 236
58 244
58 246
58 250
58 254
58 257
58 260
58 277
58 278
59 86
59 89
59 94
59 96
59 140
59 225
59 246
61 83
61 86
61 89
61 94
61 96
61 110
61 119
61 138
61 144
61 145
61 225
61 236
61 244
61 246
61 257
71 83
83 86
83 87
83 89
83 94
83 96
83 97
83 105
83 110
83 119
83 126
83 138
83 142
83 144
83 145
83 146
83 186
83 198
83 225
83 244
83 246
83 254
83 257
83 260
83 277
83 278
84 86
84 87
84 89
84 91
84 93
84 94
84 96
84 115
84 119
84 126
84 144
84 145
84 225
84 244
84 246
84 277
85 86
85 89
85 94
85 96
85 225
86 88
86 89
86 91
86 93
86 94
86 96
86 97
86 102
86 105
86 106
86 110
86 115
86 116
86 117
86 118
86 119
86 121
86 126
86 138
86 140
86 142
86 144
86 146
86 150
86 186
86 198
86 224
86 225
86 236
86 244
86 246
86 250
86 254
86 257
86 260
86 264
86 277
86 278
87 89
87 94
87 96
87 119
87 144
87 145
87 224
87 225
87 244
87 246
87 277
88 89
88 94
88 96
88 144
88 225
89 91
89 93
89 94
89 95
89 96
89 97
89 98
89 102
89 103
89 105
89 106
89 110
89 115
89 116
89 118
89 119
89 121
89 126
89 138
89 140
89 142
89 144
89 145
89 146
89 150
89 151
89 186
89 192
89 198
89 224
89 225
89 231
89 236
89 244
89 246
89 250
89 254
89 260
89 277
89 278
91 94
91 96
91 119
91 246
93 94
93 96
93 225
93 246
94 96
94 97
94 102
94 105
94 106
94 110
94 115
94 117
94 118
94 119
94 121
94 126
94 138
94 140
94 142
94 144
94 145
94 146
94 150
94 186
94 198
94 224
94 225
94 231
94 236
94 244
94 246
94 250
94 254
94 257
94 260
94 277
94 278
96 102
96 105
96 106
96 110
96 115
96 116
96 117
96 118
96 119
96 121
96 126
96 138
96 140
96 142
96 144
96 145
96 146
96 150
96 186
96 198
96 224
96 225
96 231
96 236
96 244
96 246
96 250
96 254
96 260
96 277
96 278
102 145
102 225
103 225
105 119
105 144
105 145
105 225
105 244
105 246
106 225
106 244
106 246
110 115
110 118
110 119
110 138
110 142
110 144
110 145
110 146
110 186
110 225
110 236
110 244
110 246
115 119
115 126
115 144
115 225
115 244
115 246
115 260
116 246
117 119
118 119
118 138
118 144
118 225
118 246
118 277
119 121
119 122
119 126
119 138
119 142
119 144
119 145
119 146
119 186
119 198
119 224
119 225
119 236
119 244
119 246
119 250
119 254
119 257
119 260
119 277
119 278
121 246
126 138
126 142
126 144
126 145
126 225
126 244
126 246
126 254
126 257
126 260
126 277
133 225
137 225
138 140
138 142
138 144
138 145
138 146
138 224
138 225
138 236
138 244
138 246
138 257
138 277
140 144
140 257
142 144
142 145
142 146
142 186
142 225
142 244
142 246
142 277
142 278
144 145
144 146
144 186
144 198
144 224
144 225
144 236
144 244
144 246
144 250
144 254
144 257
144 277
144 278
145 146
145 186
145 224
145 225
145 244
145 246
145 277
146 186
146 225
146 244
146 246
150 225
150 246
186 225
186 244
186 246
198 225
198 244
198 246
200 206
200 211
205 206
205 209
205 211
205 243
206 208
206 209
206 211
206 243
208 211
209 211
209 243
211 243
216 218
218 221
218 268
220 264
221 268
224 225
224 244
224 246
224 277
225 236
225 244
225 246
225 254
225 257
225 260
225 277
225 278
231 246
236 246
244 246
244 254
244 260
244 277
244 278
246 250
246 254
246 257
246 260
246 277
246 278
254 257
257 258
257 260
277 282
